39
0 1
1 0
1 2
2 1
2 4
4 2
4 8
8 4
2 5
5 2
1 3
3 1
3 6
6 3
3 7
7 3
9 10
10 9
9 11
11 9
10 12
12 10
13 14
14 13
13 15
15 13
13 18
18 13
13 20
20 13
14 16
16 14
16 15
15 16
15 17
17 15
17 18
18 17
18 19
19 18
19 20
20 19
20 21
21 20
21 14
14 21
22 23
23 22
23 24
24 23
24 22
22 24
24 25
25 24
25 26
26 25
24 26
26 24
23 31
31 23
30 31
31 30
30 23
23 30
22 27
27 22
27 28
28 27
28 22
22 28
28 29
29 28
32 33
33 32
33 34
34 33
32 35
35 32
36 36
34 35
35 34
34 36
36 34
34 37
37 34
38 32
38 13
38 22
38 32
32 38
13 38
22 38
32 38